1.2077
1.278
1.3537
1.4352
1.5229
1.6176
1.7198
1.8303
1.9499
2.0794
2.2198
2.3723
2.5379
2.7182
2.9145
3.1285
3.3622
3.6177
3.8972
4.2036
4.5397
4.9091
5.3156
5.7637
6.2585
6.8058
7.4126
8.0868
8.8379
9.6771
10.618
11.675
12.868
14.214
15.73
17.42
19.262
21.186
23.059
24.697
25.907
26.539
26.512
25.833
24.584
22.922
21.042
19.124
17.296
15.624
14.126
12.797
11.621
10.577
9.6495
8.8221
8.0819
7.4177
6.8204
6.282
5.7957
5.3557
4.957
4.5951
4.2664
3.9673
3.6948
3.4465
3.2198
3.0128
2.8236
2.6506
2.4921
2.347
2.2141
2.0922
1.9805
1.878
1.7841
1.698
1.6191
1.5468
1.4806
1.4202
1.365
1.3148
1.2692
1.2279
1.1906
1.1572
1.1274
1.1011
1.078
1.0581
1.0413
1.0274
1.0164
1.0082
1.0027
1
1
1.0027
1.0082
1.0164
1.0274
1.0413
1.0581
1.078
1.1011
1.1274
1.1572
1.1906
1.2279
1.2692
1.3148
1.365
1.4202
1.4806
1.5468
1.6191
1.698
1.7841
1.878
1.9805
2.0922
2.2141
2.347
2.4921
2.6506
2.8236
3.0128
3.2198
3.4465
3.6948
3.9673
4.2664
4.5951
4.957
5.3557
5.7957
6.282
6.8204
7.4177
8.0819
8.8221
9.6495
10.577
11.621
12.797
14.126
15.624
17.296
19.124
21.042
22.922
24.584
25.833
26.512
26.539
25.907
24.697
23.059
21.186
19.262
17.42
15.73
14.214
12.868
11.675
10.618
9.6771
8.8379
8.0868
7.4126
6.8058
6.2585
5.7637
5.3156
4.9091
4.5397
4.2036
3.8972
3.6177
3.3622
3.1285
2.9145
2.7182
2.5379
2.3723
2.2198
2.0794
1.9499
1.8303
1.7198
1.6176
1.5229
1.4352
1.3537
1.278
1.2077
