0.10037
0.10045
0.10055
0.10067
0.10082
0.101
0.10123
0.1015
0.10183
0.10223
0.10272
0.10331
0.10403
0.10491
0.10596
0.10724
0.10878
0.11062
0.11283
0.11546
0.11858
0.12227
0.1266
0.13166
0.13754
0.14431
0.15206
0.16087
0.1708
0.1819
0.19422
0.20776
0.2225
0.2384
0.25537
0.27326
0.29191
0.3111
0.33056
0.35001
0.36917
0.38774
0.38774
0.40146
0.43511
0.4907
0.56023
0.632
0.69767
0.75374
0.79993
0.83735
0.86752
0.89184
0.91148
0.92741
0.94036
0.95092
0.95956
0.96664
0.97247
0.97726
0.98121
0.98448
0.98717
0.98941
0.99126
0.99279
0.99406
0.99511
0.99599
0.99671
0.99731
0.99781
0.99822
0.99856
0.99884
0.99907
0.99926
0.99941
0.99954
0.99964
0.99972
0.99979
0.99984
0.99988
0.99991
0.99994
0.99996
0.99997
0.99998
0.99999
0.99999
1
1
1
1
1
1
1
1
1
1
1
1
1
1
0.99999
0.99999
0.99998
0.99997
0.99996
0.99994
0.99991
0.99988
0.99984
0.99979
0.99972
0.99964
0.99954
0.99941
0.99926
0.99907
0.99884
0.99856
0.99822
0.99781
0.99731
0.99671
0.99599
0.99511
0.99406
0.99279
0.99126
0.98941
0.98717
0.98448
0.98121
0.97726
0.97247
0.96664
0.95956
0.95092
0.94036
0.92741
0.91148
0.89184
0.86752
0.83735
0.79993
0.75374
0.69767
0.632
0.56023
0.4907
0.43511
0.40146
0.38774
0.38774
0.36917
0.35001
0.33056
0.3111
0.29191
0.27326
0.25537
0.2384
0.2225
0.20776
0.19422
0.1819
0.1708
0.16087
0.15206
0.14431
0.13754
0.13166
0.1266
0.12227
0.11858
0.11546
0.11283
0.11062
0.10878
0.10724
0.10596
0.10491
0.10403
0.10331
0.10272
0.10223
0.10183
0.1015
0.10123
0.101
0.10082
0.10067
0.10055
0.10045
0.10037
