   2.5303219e+00
   2.9682888e+00
   3.4510082e+00
   3.9604378e+00
   4.4693891e+00
   4.9431291e+00
   5.3409806e+00
   5.5845329e+00
   5.6864282e+00
   5.6619737e+00
   5.5389532e+00
   5.3510091e+00
   5.1310241e+00
   4.8987139e+00
   4.6541548e+00
   4.3865228e+00
   4.0877431e+00
   3.7550222e+00
   3.3933796e+00
   3.0201039e+00
   2.6599740e+00
   2.3256557e+00
   2.0256972e+00
   1.7649216e+00
   1.5448194e+00
   1.3733255e+00
   1.2375531e+00
   1.1350365e+00
   1.0631948e+00
   1.0189459e+00
   9.9832105e-01
   9.9620403e-01
   9.9854784e-01
   1.0016190e+00
   1.0051377e+00
   1.0100436e+00
   1.0162626e+00
   1.0166738e+00
   1.0103679e+00
   1.0030191e+00
   1.0000000e+00
   1.0038971e+00
   1.0120260e+00
   1.0145454e+00
   1.0114495e+00
   1.0077654e+00
   1.0071095e+00
   1.0112203e+00
   1.0194926e+00
   1.0360636e+00
   1.0674957e+00
   1.1202703e+00
   1.1993514e+00
   1.3082822e+00
   1.4492818e+00
   1.6315933e+00
   1.8451344e+00
   2.0848609e+00
   2.3422517e+00
   2.6054154e+00
   2.8591981e+00
   3.0744771e+00
   3.2456440e+00
   3.3741752e+00
   3.4682185e+00
   3.5398916e+00
   3.6025809e+00
   3.6647585e+00
   3.7211926e+00
   3.7615807e+00
   3.7775203e+00
   3.7651153e+00
   3.7275824e+00
   3.6830378e+00
   3.6594367e+00
   3.6741038e+00
   3.7391007e+00
   3.8605366e+00
   4.0378771e+00
   4.2683992e+00
   4.5199766e+00
   4.7772051e+00
   5.0303161e+00
   5.2760732e+00
   5.5186698e+00
   5.7722510e+00
   6.0367458e+00
   6.2971151e+00
   6.5281304e+00
   6.6990229e+00
   6.7781320e+00
   6.7197999e+00
   6.5718858e+00
   6.3723869e+00
   6.1628039e+00
   5.9827442e+00
   5.8645246e+00
   5.8453879e+00
   5.8954858e+00
   5.9902959e+00
   6.0999068e+00
   6.1936436e+00
   6.2446938e+00
   6.2287910e+00
   6.1768124e+00
   6.1129140e+00
   6.0584999e+00
   6.0289954e+00
   6.0306199e+00
   6.0591945e+00
   6.0926627e+00
   6.1219253e+00
   6.1419527e+00
   6.1506673e+00
   6.1478246e+00
   6.1298522e+00
   6.1015264e+00
   6.0689539e+00
   6.0401511e+00
   6.0228005e+00
   6.0220071e+00
   6.0360153e+00
   6.0492242e+00
   6.0545552e+00
   6.0505642e+00
   6.0406424e+00
   6.0322167e+00
   6.0342428e+00
   6.0408080e+00
   6.0435390e+00
   6.0358214e+00
   6.0146059e+00
   5.9822141e+00
   5.9482623e+00
   5.9190595e+00
   5.8913406e+00
   5.8588626e+00
   5.8151519e+00
   5.7562528e+00
   5.6866236e+00
   5.6229630e+00
   5.5740185e+00
   5.5428834e+00
   5.5270105e+00
   5.5182263e+00
   5.5005090e+00
   5.4677784e+00
   5.4221033e+00
   5.3691366e+00
   5.3163995e+00
   5.2715657e+00
   5.2438150e+00
   5.2301519e+00
   5.2281059e+00
   5.2344568e+00
   5.2456708e+00
   5.2583359e+00
   5.2686759e+00
   5.2754218e+00
   5.2783628e+00
   5.2778147e+00
   5.2744903e+00
   5.2693703e+00
   5.2636776e+00
   5.2584918e+00
   5.2540754e+00
   5.2503528e+00
   5.2469390e+00
   5.2431668e+00
   5.2374423e+00
   5.2289673e+00
   5.2171123e+00
   5.2015543e+00
   5.1823094e+00
   5.1597644e+00
   5.1346154e+00
   5.1090951e+00
   5.0846144e+00
   5.0624831e+00
   5.0438276e+00
   5.0295081e+00
   5.0211097e+00
   5.0170513e+00
   5.0165263e+00
   5.0185170e+00
   5.0218772e+00
   5.0254137e+00
   5.0274667e+00
   5.0274318e+00
   5.0250515e+00
   5.0203147e+00
   5.0134064e+00
   5.0046560e+00
   4.9941452e+00
   4.9823354e+00
   4.9688594e+00
   4.9529649e+00
   4.9335077e+00
   4.9089449e+00
   4.8746003e+00
