   3.6195317e-01
   3.6316024e-01
   3.6464649e-01
   3.6644566e-01
   3.6859188e-01
   3.7111937e-01
   3.7406216e-01
   3.7745377e-01
   3.8132687e-01
   3.8571299e-01
   3.9064210e-01
   3.9614232e-01
   4.0223956e-01
   4.0895714e-01
   4.1631550e-01
   4.2433184e-01
   4.3301979e-01
   4.4238917e-01
   4.5244568e-01
   4.6319066e-01
   4.7462090e-01
   4.8672843e-01
   4.9950042e-01
   5.1291903e-01
   5.2696140e-01
   5.4159960e-01
   5.5680069e-01
   5.7252679e-01
   5.8873518e-01
   6.0537853e-01
   6.2240506e-01
   6.3975884e-01
   6.5738011e-01
   6.7520559e-01
   6.9316889e-01
   7.1120096e-01
   7.2923049e-01
   7.4718443e-01
   7.6498848e-01
   7.8256763e-01
   7.9984665e-01
   8.1675070e-01
   8.3320579e-01
   8.4913940e-01
   8.6448093e-01
   8.7916231e-01
   8.9311840e-01
   9.0628753e-01
   9.1861191e-01
   9.3003803e-01
   9.4051708e-01
   9.5000524e-01
   9.5846395e-01
   9.6586021e-01
   9.7216673e-01
   9.7736208e-01
   9.8143077e-01
   9.8436333e-01
   9.8615627e-01
   9.8681203e-01
   9.8633889e-01
   9.8475079e-01
   9.8206715e-01
   9.7831264e-01
   9.7351692e-01
   9.6771430e-01
   9.6094341e-01
   9.5324686e-01
   9.4467083e-01
   9.3526471e-01
   9.2508060e-01
   9.1417297e-01
   9.0259820e-01
   8.9041413e-01
   8.7767964e-01
   8.6445428e-01
   8.5079778e-01
   8.3676973e-01
   8.2242915e-01
   8.0783417e-01
   7.9304167e-01
   7.7810702e-01
   7.6308372e-01
   7.4802321e-01
   7.3297463e-01
   7.1798460e-01
   7.0309709e-01
   6.8835324e-01
   6.7379130e-01
   6.5944650e-01
   6.4535106e-01
   6.3153410e-01
   6.1802167e-01
   6.0483679e-01
   5.9199946e-01
   5.7952676e-01
   5.6743291e-01
   5.5572938e-01
   5.4442498e-01
   5.3352604e-01
   5.2303648e-01
   5.1295803e-01
   5.0329031e-01
   4.9403101e-01
   4.8517609e-01
   4.7671986e-01
   4.6865523e-01
   4.6097379e-01
   4.5366601e-01
   4.4672138e-01
   4.4012854e-01
   4.3387545e-01
   4.2794950e-01
   4.2233765e-01
   4.1702653e-01
   4.1200256e-01
   4.0725206e-01
   4.0276135e-01
   3.9851679e-01
   3.9450492e-01
   3.9071246e-01
   3.8712642e-01
   3.8373416e-01
   3.8052339e-01
   3.7748221e-01
   3.7459920e-01
   3.7186338e-01
   3.6926425e-01
   3.6679182e-01
   3.6443659e-01
   3.6218958e-01
   3.6004230e-01
   3.5798678e-01
   3.5601554e-01
   3.5412156e-01
   3.5229833e-01
   3.5053978e-01
   3.4884027e-01
   3.4719462e-01
   3.4559801e-01
   3.4404604e-01
   3.4253466e-01
   3.4106019e-01
   3.3961924e-01
   3.3820877e-01
   3.3682599e-01
   3.3546840e-01
   3.3413375e-01
   3.3282002e-01
   3.3152539e-01
   3.3024825e-01
   3.2898719e-01
   3.2774093e-01
   3.2650836e-01
   3.2528852e-01
   3.2408057e-01
   3.2288377e-01
   3.2169749e-01
   3.2052121e-01
   3.1935448e-01
   3.1819691e-01
   3.1704821e-01
   3.1590813e-01
   3.1477646e-01
   3.1365307e-01
   3.1253784e-01
   3.1143071e-01
   3.1033162e-01
   3.0924058e-01
   3.0815757e-01
   3.0708265e-01
   3.0601584e-01
   3.0495720e-01
   3.0390682e-01
   3.0286476e-01
   3.0183112e-01
   3.0080598e-01
   2.9978945e-01
   2.9878161e-01
   2.9778258e-01
   2.9679246e-01
   2.9581134e-01
   2.9483933e-01
   2.9387653e-01
   2.9292302e-01
   2.9197891e-01
   2.9104429e-01
   2.9011923e-01
   2.8920384e-01
   2.8829817e-01
   2.8740232e-01
   2.8651634e-01
   2.8564031e-01
   2.8477428e-01
   2.8391831e-01
   2.8307246e-01
   2.8223676e-01
   2.8141127e-01
   2.8059601e-01
   2.7979101e-01
