   1.3431828e+00
   1.5638092e+00
   1.8311169e+00
   2.1562429e+00
   2.5528069e+00
   3.0371167e+00
   3.6339572e+00
   4.3623091e+00
   5.2398908e+00
   6.2791111e+00
   7.4772329e+00
   8.8068432e+00
   1.0188353e+01
   1.1499052e+01
   1.2591972e+01
   1.3321671e+01
   1.3570842e+01
   1.3289085e+01
   1.2549373e+01
   1.1468003e+01
   1.0194381e+01
   8.8759935e+00
   7.6383835e+00
   6.5489370e+00
   5.6358204e+00
   4.9021689e+00
   4.3363449e+00
   3.9247674e+00
   3.6360056e+00
   3.4408570e+00
   3.3086517e+00
   3.2070703e+00
   3.1044388e+00
   2.9751090e+00
   2.8072015e+00
   2.6005139e+00
   2.3649398e+00
   2.1168572e+00
   1.8752654e+00
   1.6541661e+00
   1.4618224e+00
   1.3017810e+00
   1.1744259e+00
   1.0792421e+00
   1.0117563e+00
   9.6883542e-01
   9.4686778e-01
   9.4146344e-01
   9.4736095e-01
   9.5716291e-01
   9.6434130e-01
   9.6374017e-01
   9.5257828e-01
   9.3080790e-01
   9.0225862e-01
   8.7253983e-01
   8.4740157e-01
   8.3170528e-01
   8.2888594e-01
   8.3991682e-01
   8.6257329e-01
   8.9302178e-01
   9.2588840e-01
   9.5515753e-01
   9.7511033e-01
   9.8347734e-01
   9.8075713e-01
   9.7021185e-01
   9.5707310e-01
   9.4787561e-01
   9.4819785e-01
   9.6214030e-01
   9.9271520e-01
   1.0422445e+00
   1.1138307e+00
   1.2097405e+00
   1.3328867e+00
   1.4876420e+00
   1.6797381e+00
   1.9180404e+00
   2.2135047e+00
   2.5770707e+00
   3.0238487e+00
   3.5716545e+00
   4.2422275e+00
   5.0623121e+00
   6.0419069e+00
   7.1844797e+00
   8.4708942e+00
   9.8477543e+00
   1.1209142e+01
   1.2407712e+01
   1.3292861e+01
   1.3739974e+01
   1.3682204e+01
   1.3111707e+01
   1.2141397e+01
   1.0921234e+01
   9.6018152e+00
   8.3108354e+00
   7.1405235e+00
   6.1370962e+00
   5.3058410e+00
   4.6387722e+00
   4.1201052e+00
   3.7339118e+00
   3.4661093e+00
   3.2987797e+00
   3.2235391e+00
   3.2359368e+00
   3.3355994e+00
   3.5315911e+00
   3.8272528e+00
   4.2348429e+00
   4.7702124e+00
   5.4518144e+00
   6.3069956e+00
   7.3445254e+00
   8.5608701e+00
   9.9289590e+00
   1.1385022e+01
   1.2817287e+01
   1.4071070e+01
   1.5004280e+01
   1.5512771e+01
   1.5559268e+01
   1.5180596e+01
   1.4500625e+01
   1.3702062e+01
   1.2950695e+01
   1.2384487e+01
   1.2101480e+01
   1.2173186e+01
   1.2592089e+01
   1.3329508e+01
   1.4316819e+01
   1.5443386e+01
   1.6553995e+01
   1.7482981e+01
   1.8110160e+01
   1.8380398e+01
   1.8318760e+01
   1.8023753e+01
   1.7663262e+01
   1.7391650e+01
   1.7309616e+01
   1.7442478e+01
   1.7732904e+01
   1.8038970e+01
   1.8194530e+01
   1.8062897e+01
   1.7566909e+01
   1.6705871e+01
   1.5557386e+01
   1.4280533e+01
   1.3024591e+01
   1.1917887e+01
   1.1052268e+01
   1.0499641e+01
   1.0271387e+01
   1.0369719e+01
   1.0783870e+01
   1.1484532e+01
   1.2419879e+01
   1.3478264e+01
   1.4515085e+01
   1.5370814e+01
   1.5897810e+01
   1.5983809e+01
   1.5603573e+01
   1.4841299e+01
   1.3826667e+01
   1.2717577e+01
   1.1667556e+01
   1.0808929e+01
   1.0210129e+01
   9.9098986e+00
   9.9241479e+00
   1.0251809e+01
   1.0888294e+01
   1.1767979e+01
   1.2805178e+01
   1.3875590e+01
   1.4825121e+01
   1.5477671e+01
   1.5712044e+01
   1.5489216e+01
   1.4845233e+01
   1.3886522e+01
   1.2764171e+01
   1.1649961e+01
   1.0675563e+01
   9.9277882e+00
   9.4573740e+00
   9.2927324e+00
   9.4486671e+00
   9.8995242e+00
   1.0613359e+01
   1.1528912e+01
   1.2546808e+01
