   2.8166520e-01
   2.9891992e-01
   3.1713615e-01
   3.3570469e-01
   3.5401634e-01
   3.7146189e-01
   3.8743216e-01
   4.0153928e-01
   4.1446229e-01
   4.2720123e-01
   4.4075621e-01
   4.5612732e-01
   4.7417770e-01
   4.9476719e-01
   5.1730953e-01
   5.4113791e-01
   5.6483323e-01
   5.8655802e-01
   6.0490471e-01
   6.2029452e-01
   6.3362976e-01
   6.4581262e-01
   6.5756099e-01
   6.6905014e-01
   6.8035595e-01
   6.9155430e-01
   7.0272108e-01
   7.1393217e-01
   7.2526131e-01
   7.3668196e-01
   7.4802676e-01
   7.5911777e-01
   7.6977704e-01
   7.7982664e-01
   7.8909977e-01
   7.9763400e-01
   8.0564603e-01
   8.1335863e-01
   8.2099457e-01
   8.2877662e-01
   8.3692755e-01
   8.4566997e-01
   8.5513371e-01
   8.6519811e-01
   8.7570067e-01
   8.8647887e-01
   8.9737021e-01
   9.0821245e-01
   9.1886241e-01
   9.2920806e-01
   9.3914026e-01
   9.4854985e-01
   9.5732770e-01
   9.6536465e-01
   9.7255156e-01
   9.7880373e-01
   9.8417035e-01
   9.8874627e-01
   9.9262638e-01
   9.9587772e-01
   9.9835335e-01
   9.9980701e-01
   1.0000000e+00
   9.9890020e-01
   9.9669417e-01
   9.9357898e-01
   9.8974312e-01
   9.8533418e-01
   9.8048753e-01
   9.7533852e-01
   9.7001053e-01
   9.6445030e-01
   9.5847019e-01
   9.5187980e-01
   9.4465680e-01
   9.3717462e-01
   9.2986358e-01
   9.2315396e-01
   9.1729532e-01
   9.1195551e-01
   9.0668558e-01
   9.0104498e-01
   8.9488277e-01
   8.8840389e-01
   8.8183517e-01
   8.7540374e-01
   8.6940673e-01
   8.6429789e-01
   8.6055227e-01
   8.5850708e-01
   8.5795424e-01
   8.5855084e-01
   8.5995890e-01
   8.6197436e-01
   8.6453944e-01
   8.6760378e-01
   8.7110540e-01
   8.7486239e-01
   8.7862215e-01
   8.8213117e-01
   8.8513595e-01
   8.8738297e-01
   8.8870008e-01
   8.8924573e-01
   8.8926243e-01
   8.8899268e-01
   8.8867869e-01
   8.8850453e-01
   8.8852517e-01
   8.8877803e-01
   8.8914987e-01
   8.8910601e-01
   8.8806578e-01
   8.8608491e-01
   8.8386215e-01
   8.8202130e-01
   8.8030727e-01
   8.7802143e-01
   8.7449889e-01
   8.6972358e-01
   8.6423114e-01
   8.5857480e-01
   8.5330777e-01
   8.4894783e-01
   8.4533539e-01
   8.4170229e-01
   8.3734822e-01
   8.3253587e-01
   8.2811444e-01
   8.2467183e-01
   8.2190378e-01
   8.1932179e-01
   8.1643736e-01
   8.1287727e-01
   8.0879557e-01
   8.0449695e-01
   8.0028429e-01
   7.9632276e-01
   7.9254648e-01
   7.8886748e-01
   7.8519778e-01
   7.8144939e-01
   7.7753436e-01
   7.7336469e-01
   7.6890166e-01
   7.6430321e-01
   7.5977644e-01
   7.5552842e-01
   7.5176625e-01
   7.4867598e-01
   7.4617100e-01
   7.4397432e-01
   7.4180507e-01
   7.3938237e-01
   7.3642535e-01
   7.3270868e-01
   7.2839569e-01
   7.2381569e-01
   7.1929467e-01
   7.1499883e-01
   7.1088332e-01
   7.0688886e-01
   7.0295615e-01
   6.9902588e-01
   6.9504815e-01
   6.9104190e-01
   6.8705678e-01
   6.8314256e-01
   6.7934903e-01
   6.7571795e-01
   6.7219804e-01
   6.6867804e-01
   6.6504568e-01
   6.6118869e-01
   6.5700228e-01
   6.5242537e-01
   6.4741274e-01
   6.4191919e-01
   6.3592916e-01
   6.2967165e-01
   6.2349614e-01
   6.1775298e-01
   6.1267478e-01
   6.0802360e-01
   6.0344391e-01
   5.9858019e-01
   5.9307692e-01
   5.8669242e-01
   5.7987065e-01
   5.7330611e-01
   5.6704471e-01
   5.5983815e-01
   5.5028833e-01
   5.3842244e-01
   5.2783562e-01
   5.2141047e-01
   5.0636751e-01
   4.6778516e-01
   4.3681802e-01
   3.6841392e-01
