   2.1538101e+00
   2.5492497e+00
   3.0329148e+00
   3.6241421e+00
   4.3441269e+00
   5.2137925e+00
   6.2572451e+00
   7.4708523e+00
   8.8258196e+00
   1.0257246e+01
   1.1655933e+01
   1.2864421e+01
   1.3712522e+01
   1.4085795e+01
   1.3931813e+01
   1.3278322e+01
   1.2222849e+01
   1.0923518e+01
   9.5534235e+00
   8.2382375e+00
   7.0603360e+00
   6.0614524e+00
   5.2611090e+00
   4.6380898e+00
   4.1729722e+00
   3.8417139e+00
   3.6167874e+00
   3.4689970e+00
   3.3594133e+00
   3.2549103e+00
   3.1291345e+00
   2.9656972e+00
   2.7591626e+00
   2.5189841e+00
   2.2626370e+00
   2.0083228e+00
   1.7716011e+00
   1.5636225e+00
   1.3901851e+00
   1.2506724e+00
   1.1434844e+00
   1.0659919e+00
   1.0152144e+00
   9.8834888e-01
   9.7953992e-01
   9.8326870e-01
   9.9302536e-01
   1.0019674e+00
   1.0035052e+00
   9.9422551e-01
   9.7401764e-01
   9.4572734e-01
   9.1444133e-01
   8.8655655e-01
   8.6788057e-01
   8.6182940e-01
   8.6967794e-01
   8.9038009e-01
   9.2072818e-01
   9.5497785e-01
   9.8658846e-01
   1.0100932e+00
   1.0220633e+00
   1.0218666e+00
   1.0120546e+00
   9.9854909e-01
   9.8752685e-01
   9.8481474e-01
   9.9513559e-01
   1.0230201e+00
   1.0703275e+00
   1.1392050e+00
   1.2321374e+00
   1.3522621e+00
   1.5052230e+00
   1.6964615e+00
   1.9328757e+00
   2.2240167e+00
   2.5818636e+00
   3.0238154e+00
   3.5701365e+00
   4.2387516e+00
   5.0508621e+00
   6.0247409e+00
   7.1714755e+00
   8.4828989e+00
   9.9004599e+00
   1.1329771e+01
   1.2635508e+01
   1.3660781e+01
   1.4230332e+01
   1.4279558e+01
   1.3809070e+01
   1.2896517e+01
   1.1677164e+01
   1.0310801e+01
   8.9534219e+00
   7.7033747e+00
   6.6134135e+00
   5.7019561e+00
   4.9699609e+00
   4.4005764e+00
   3.9701720e+00
   3.6616828e+00
   3.4611492e+00
   3.3598724e+00
   3.3542762e+00
   3.4391080e+00
   3.6174651e+00
   3.8965727e+00
   4.2879847e+00
   4.8155092e+00
   5.4918146e+00
   6.3365254e+00
   7.3654268e+00
   8.5831339e+00
   9.9775386e+00
   1.1480488e+01
   1.2984835e+01
   1.4349644e+01
   1.5422988e+01
   1.6062121e+01
   1.6207675e+01
   1.5905099e+01
   1.5264862e+01
   1.4448365e+01
   1.3635317e+01
   1.2995693e+01
   1.2635233e+01
   1.2615146e+01
   1.2956633e+01
   1.3644586e+01
   1.4628864e+01
   1.5780160e+01
   1.6951071e+01
   1.7979988e+01
   1.8726005e+01
   1.9086994e+01
   1.9087678e+01
   1.8827583e+01
   1.8456036e+01
   1.8134028e+01
   1.7996889e+01
   1.8091849e+01
   1.8364428e+01
   1.8691699e+01
   1.8911812e+01
   1.8860595e+01
   1.8425085e+01
   1.7606737e+01
   1.6477876e+01
   1.5169856e+01
   1.3839638e+01
   1.2645392e+01
   1.1689025e+01
   1.1031888e+01
   1.0704937e+01
   1.0718146e+01
   1.1082034e+01
   1.1753078e+01
   1.2674133e+01
   1.3752730e+01
   1.4855778e+01
   1.5807558e+01
   1.6436452e+01
   1.6633003e+01
   1.6358925e+01
   1.5658911e+01
   1.4646843e+01
   1.3498098e+01
   1.2383962e+01
   1.1433300e+01
   1.0733924e+01
   1.0340082e+01
   1.0287410e+01
   1.0562017e+01
   1.1147037e+01
   1.2001667e+01
   1.3051436e+01
   1.4174534e+01
   1.5200064e+01
   1.5962499e+01
   1.6326603e+01
   1.6219982e+01
   1.5637133e+01
   1.4695225e+01
   1.3555304e+01
   1.2381810e+01
   1.1318222e+01
   1.0477055e+01
   9.9256963e+00
   9.6849478e+00
   9.7631786e+00
   1.0153354e+01
   1.0833651e+01
   1.1751762e+01
   1.2796288e+01
   1.3828012e+01
   1.4681307e+01
   1.5193989e+01
