   3.2750776e-01
   3.3732607e-01
   3.4795453e-01
   3.5897634e-01
   3.6997470e-01
   3.8072993e-01
   3.9202048e-01
   4.0494010e-01
   4.2058192e-01
   4.3954675e-01
   4.6108371e-01
   4.8421195e-01
   5.0808709e-01
   5.3338984e-01
   5.6173992e-01
   5.9300886e-01
   6.2376946e-01
   6.5154618e-01
   6.7685410e-01
   7.0059600e-01
   7.2284507e-01
   7.4269231e-01
   7.5970987e-01
   7.7451927e-01
   7.8785149e-01
   8.0015830e-01
   8.1160435e-01
   8.2232514e-01
   8.3230679e-01
   8.4145411e-01
   8.4967843e-01
   8.5705235e-01
   8.6380548e-01
   8.7017395e-01
   8.7639390e-01
   8.8267263e-01
   8.8900140e-01
   8.9527349e-01
   9.0138171e-01
   9.0721884e-01
   9.1269445e-01
   9.1787078e-01
   9.2289167e-01
   9.2790172e-01
   9.3304555e-01
   9.3846592e-01
   9.4419539e-01
   9.5009511e-01
   9.5601140e-01
   9.6179063e-01
   9.6727912e-01
   9.7232322e-01
   9.7679454e-01
   9.8070437e-01
   9.8411193e-01
   9.8707648e-01
   9.8965730e-01
   9.9191366e-01
   9.9390484e-01
   9.9568463e-01
   9.9723910e-01
   9.9850850e-01
   9.9943219e-01
   9.9994956e-01
   1.0000000e+00
   9.9952288e-01
   9.9845776e-01
   9.9679516e-01
   9.9464759e-01
   9.9214543e-01
   9.8941907e-01
   9.8659889e-01
   9.8378198e-01
   9.8087743e-01
   9.7772837e-01
   9.7417784e-01
   9.7007163e-01
   9.6536088e-01
   9.6013300e-01
   9.5448450e-01
   9.4851186e-01
   9.4225876e-01
   9.3549757e-01
   9.2791386e-01
   9.1919312e-01
   9.0903849e-01
   8.9736098e-01
   8.8420717e-01
   8.6962492e-01
   8.5359678e-01
   8.3600260e-01
   8.1674430e-01
   7.9606346e-01
   7.7441122e-01
   7.5239861e-01
   7.3119513e-01
   7.1204715e-01
   6.9515721e-01
   6.7970865e-01
   6.6492262e-01
   6.5071987e-01
   6.3738181e-01
   6.2519245e-01
   6.1432711e-01
   6.0470831e-01
   5.9622268e-01
   5.8875684e-01
   5.8216887e-01
   5.7621721e-01
   5.7063859e-01
   5.6516973e-01
   5.5959495e-01
   5.5387727e-01
   5.4802160e-01
   5.4203288e-01
   5.3591603e-01
   5.2965844e-01
   5.2308525e-01
   5.1593377e-01
   5.0794048e-01
   4.9884221e-01
   4.8860484e-01
   4.7781342e-01
   4.6715659e-01
   4.5726625e-01
   4.4815180e-01
   4.3943822e-01
   4.3074482e-01
   4.2170965e-01
   4.1232483e-01
   4.0289856e-01
   3.9375012e-01
   3.8514098e-01
   3.7698342e-01
   3.6905927e-01
   3.6115012e-01
   3.5303779e-01
   3.4460263e-01
   3.3597857e-01
   3.2733976e-01
   3.1886034e-01
   3.1069647e-01
   3.0286249e-01
   2.9530563e-01
   2.8797272e-01
   2.8082147e-01
   2.7387409e-01
   2.6717641e-01
   2.6077432e-01
   2.5471892e-01
   2.4910982e-01
   2.4407289e-01
   2.3973429e-01
   2.3621754e-01
   2.3351744e-01
   2.3144386e-01
   2.2979238e-01
   2.2835859e-01
   2.2693809e-01
   2.2538345e-01
   2.2373078e-01
   2.2205302e-01
   2.2042312e-01
   2.1891401e-01
   2.1760363e-01
   2.1659688e-01
   2.1600781e-01
   2.1595049e-01
   2.1653896e-01
   2.1786312e-01
   2.1985505e-01
   2.2238353e-01
   2.2531719e-01
   2.2852462e-01
   2.3187455e-01
   2.3526013e-01
   2.3862818e-01
   2.4193271e-01
   2.4512770e-01
   2.4816835e-01
   2.5103880e-01
   2.5375287e-01
   2.5632573e-01
   2.5877254e-01
   2.6110846e-01
   2.6334739e-01
   2.6547569e-01
   2.6745292e-01
   2.6923757e-01
   2.7078812e-01
   2.7206096e-01
   2.7295167e-01
   2.7328693e-01
   2.7288969e-01
   2.7158291e-01
   2.6923680e-01
   2.6592998e-01
   2.6179847e-01
   2.5703309e-01
   2.5199086e-01
