   3.6816539e-01
   3.7478350e-01
   3.8172684e-01
   3.8900146e-01
   3.9661268e-01
   4.0456505e-01
   4.1286226e-01
   4.2150707e-01
   4.3050125e-01
   4.3984552e-01
   4.4953947e-01
   4.5958149e-01
   4.6996872e-01
   4.8069700e-01
   4.9176081e-01
   5.0315320e-01
   5.1486580e-01
   5.2688872e-01
   5.3921055e-01
   5.5181835e-01
   5.6469762e-01
   5.7783226e-01
   5.9120462e-01
   6.0479548e-01
   6.1858407e-01
   6.3254811e-01
   6.4666382e-01
   6.6090599e-01
   6.7524800e-01
   6.8966195e-01
   7.0411867e-01
   7.1858783e-01
   7.3303802e-01
   7.4743689e-01
   7.6175122e-01
   7.7594705e-01
   7.8998982e-01
   8.0384450e-01
   8.1747570e-01
   8.3084788e-01
   8.4392542e-01
   8.5667286e-01
   8.6905498e-01
   8.8103701e-01
   8.9258479e-01
   9.0366489e-01
   9.1424482e-01
   9.2429316e-01
   9.3377971e-01
   9.4267567e-01
   9.5095375e-01
   9.5858834e-01
   9.6555563e-01
   9.7183370e-01
   9.7740272e-01
   9.8224495e-01
   9.8634492e-01
   9.8968946e-01
   9.9226780e-01
   9.9407160e-01
   9.9509503e-01
   9.9533477e-01
   9.9479003e-01
   9.9346259e-01
   9.9135675e-01
   9.8847931e-01
   9.8483958e-01
   9.8044926e-01
   9.7532242e-01
   9.6947544e-01
   9.6292686e-01
   9.5569736e-01
   9.4780959e-01
   9.3928809e-01
   9.3015912e-01
   9.2045060e-01
   9.1019187e-01
   8.9941363e-01
   8.8814774e-01
   8.7642707e-01
   8.6428535e-01
   8.5175700e-01
   8.3887699e-01
   8.2568064e-01
   8.1220350e-01
   7.9848117e-01
   7.8454916e-01
   7.7044272e-01
   7.5619673e-01
   7.4184553e-01
   7.2742280e-01
   7.1296144e-01
   6.9849344e-01
   6.8404982e-01
   6.6966044e-01
   6.5535401e-01
   6.4115794e-01
   6.2709829e-01
   6.1319974e-01
   5.9948547e-01
   5.8597720e-01
   5.7269509e-01
   5.5965775e-01
   5.4688223e-01
   5.3438400e-01
   5.2217696e-01
   5.1027345e-01
   4.9868428e-01
   4.8741876e-01
   4.7648469e-01
   4.6588846e-01
   4.5563505e-01
   4.4572813e-01
   4.3617004e-01
   4.2696193e-01
   4.1810376e-01
   4.0959439e-01
   4.0143167e-01
   3.9361245e-01
   3.8613272e-01
   3.7898760e-01
   3.7217150e-01
   3.6567810e-01
   3.5950051e-01
   3.5363126e-01
   3.4806240e-01
   3.4278558e-01
   3.3779207e-01
   3.3307287e-01
   3.2861874e-01
   3.2442025e-01
   3.2046784e-01
   3.1675187e-01
   3.1326269e-01
   3.0999062e-01
   3.0692605e-01
   3.0405947e-01
   3.0138144e-01
   2.9888272e-01
   2.9655422e-01
   2.9438704e-01
   2.9237251e-01
   2.9050221e-01
   2.8876794e-01
   2.8716180e-01
   2.8567614e-01
   2.8430360e-01
   2.8303713e-01
   2.8186995e-01
   2.8079557e-01
   2.7980783e-01
   2.7890082e-01
   2.7806896e-01
   2.7730693e-01
   2.7660971e-01
   2.7597256e-01
   2.7539099e-01
   2.7486079e-01
   2.7437799e-01
   2.7393888e-01
   2.7353999e-01
   2.7317805e-01
   2.7285003e-01
   2.7255310e-01
   2.7228464e-01
   2.7204219e-01
   2.7182350e-01
   2.7162647e-01
   2.7144916e-01
   2.7128978e-01
   2.7114669e-01
   2.7101837e-01
   2.7090343e-01
   2.7080060e-01
   2.7070871e-01
   2.7062668e-01
   2.7055355e-01
   2.7048843e-01
   2.7043050e-01
   2.7037903e-01
   2.7033335e-01
   2.7029286e-01
   2.7025702e-01
   2.7022531e-01
   2.7019730e-01
   2.7017259e-01
   2.7015081e-01
   2.7013163e-01
   2.7011477e-01
   2.7009996e-01
   2.7008697e-01
   2.7007559e-01
   2.7006562e-01
   2.7005691e-01
   2.7004930e-01
   2.7004266e-01
   2.7003687e-01
   2.7003184e-01
   2.7002746e-01
   2.7002366e-01
