   0.0000000e+00
   1.8090452e-02
   3.6180905e-02
   5.4271357e-02
   7.2361809e-02
   9.0452261e-02
   1.0854271e-01
   1.2663317e-01
   1.4472362e-01
   1.6281407e-01
   1.8090452e-01
   1.9899497e-01
   2.1708543e-01
   2.3517588e-01
   2.5326633e-01
   2.7135678e-01
   2.8944724e-01
   3.0753769e-01
   3.2562814e-01
   3.4371859e-01
   3.6180905e-01
   3.7989950e-01
   3.9798995e-01
   4.1608040e-01
   4.3417085e-01
   4.5226131e-01
   4.7035176e-01
   4.8844221e-01
   5.0653266e-01
   5.2462312e-01
   5.4271357e-01
   5.6080402e-01
   5.7889447e-01
   5.9698492e-01
   6.1507538e-01
   6.3316583e-01
   6.5125628e-01
   6.6934673e-01
   6.8743719e-01
   7.0552764e-01
   7.2361809e-01
   7.4170854e-01
   7.5979899e-01
   7.7788945e-01
   7.9597990e-01
   8.1407035e-01
   8.3216080e-01
   8.5025126e-01
   8.6834171e-01
   8.8643216e-01
   9.0452261e-01
   9.2261307e-01
   9.4070352e-01
   9.5879397e-01
   9.7688442e-01
   9.9497487e-01
   1.0130653e+00
   1.0311558e+00
   1.0492462e+00
   1.0673367e+00
   1.0854271e+00
   1.1035176e+00
   1.1216080e+00
   1.1396985e+00
   1.1577889e+00
   1.1758794e+00
   1.1939698e+00
   1.2120603e+00
   1.2301508e+00
   1.2482412e+00
   1.2663317e+00
   1.2844221e+00
   1.3025126e+00
   1.3206030e+00
   1.3386935e+00
   1.3567839e+00
   1.3748744e+00
   1.3929648e+00
   1.4110553e+00
   1.4291457e+00
   1.4472362e+00
   1.4653266e+00
   1.4834171e+00
   1.5015075e+00
   1.5195980e+00
   1.5376884e+00
   1.5557789e+00
   1.5738693e+00
   1.5919598e+00
   1.6100503e+00
   1.6281407e+00
   1.6462312e+00
   1.6643216e+00
   1.6824121e+00
   1.7005025e+00
   1.7185930e+00
   1.7366834e+00
   1.7547739e+00
   1.7728643e+00
   1.7909548e+00
   1.8090452e+00
   1.8271357e+00
   1.8452261e+00
   1.8633166e+00
   1.8814070e+00
   1.8994975e+00
   1.9175879e+00
   1.9356784e+00
   1.9537688e+00
   1.9718593e+00
   1.9899497e+00
   2.0080402e+00
   2.0261307e+00
   2.0442211e+00
   2.0623116e+00
   2.0804020e+00
   2.0984925e+00
   2.1165829e+00
   2.1346734e+00
   2.1527638e+00
   2.1708543e+00
   2.1889447e+00
   2.2070352e+00
   2.2251256e+00
   2.2432161e+00
   2.2613065e+00
   2.2793970e+00
   2.2974874e+00
   2.3155779e+00
   2.3336683e+00
   2.3517588e+00
   2.3698492e+00
   2.3879397e+00
   2.4060302e+00
   2.4241206e+00
   2.4422111e+00
   2.4603015e+00
   2.4783920e+00
   2.4964824e+00
   2.5145729e+00
   2.5326633e+00
   2.5507538e+00
   2.5688442e+00
   2.5869347e+00
   2.6050251e+00
   2.6231156e+00
   2.6412060e+00
   2.6592965e+00
   2.6773869e+00
   2.6954774e+00
   2.7135678e+00
   2.7316583e+00
   2.7497487e+00
   2.7678392e+00
   2.7859296e+00
   2.8040201e+00
   2.8221106e+00
   2.8402010e+00
   2.8582915e+00
   2.8763819e+00
   2.8944724e+00
   2.9125628e+00
   2.9306533e+00
   2.9487437e+00
   2.9668342e+00
   2.9849246e+00
   3.0030151e+00
   3.0211055e+00
   3.0391960e+00
   3.0572864e+00
   3.0753769e+00
   3.0934673e+00
   3.1115578e+00
   3.1296482e+00
   3.1477387e+00
   3.1658291e+00
   3.1839196e+00
   3.2020101e+00
   3.2201005e+00
   3.2381910e+00
   3.2562814e+00
   3.2743719e+00
   3.2924623e+00
   3.3105528e+00
   3.3286432e+00
   3.3467337e+00
   3.3648241e+00
   3.3829146e+00
   3.4010050e+00
   3.4190955e+00
   3.4371859e+00
   3.4552764e+00
   3.4733668e+00
   3.4914573e+00
   3.5095477e+00
   3.5276382e+00
   3.5457286e+00
   3.5638191e+00
   3.5819095e+00
   3.6000000e+00
