0.10223
0.10273
0.10333
0.10407
0.10497
0.10606
0.1074
0.10902
0.11099
0.11338
0.11629
0.1198
0.12404
0.12915
0.13528
0.14263
0.15138
0.16177
0.17403
0.18842
0.20521
0.22466
0.24703
0.27257
0.3015
0.33403
0.37032
0.41051
0.4547
0.50293
0.55522
0.61149
0.67159
0.73528
0.8022
0.87184
0.94357
1.0166
1.0901
1.163
1.2344
1.3032
1.3032
1.5844
1.9301
2.1303
2.1437
2.043
1.9013
1.7591
1.6321
1.5244
1.4349
1.3612
1.3006
1.2507
1.2096
1.1757
1.1475
1.1241
1.1047
1.0884
1.0749
1.0635
1.0539
1.0458
1.039
1.0333
1.0284
1.0243
1.0208
1.0178
1.0152
1.0131
1.0112
1.0096
1.0082
1.007
1.006
1.0051
1.0044
1.0037
1.0032
1.0027
1.0023
1.0019
1.0016
1.0013
1.0011
1.0009
1.0007
1.0005
1.0004
1.0003
1.0002
1.0001
1.0001
1
1
1
1
1
1
1.0001
1.0001
1.0002
1.0003
1.0004
1.0005
1.0007
1.0009
1.0011
1.0013
1.0016
1.0019
1.0023
1.0027
1.0032
1.0037
1.0044
1.0051
1.006
1.007
1.0082
1.0096
1.0112
1.0131
1.0152
1.0178
1.0208
1.0243
1.0284
1.0333
1.039
1.0458
1.0539
1.0635
1.0749
1.0884
1.1047
1.1241
1.1475
1.1757
1.2096
1.2507
1.3006
1.3612
1.4349
1.5244
1.6321
1.7591
1.9013
2.043
2.1437
2.1303
1.9301
1.5844
1.3032
1.3032
1.2344
1.163
1.0901
1.0166
0.94357
0.87184
0.8022
0.73528
0.67159
0.61149
0.55522
0.50293
0.4547
0.41051
0.37032
0.33403
0.3015
0.27257
0.24703
0.22466
0.20521
0.18842
0.17403
0.16177
0.15138
0.14263
0.13528
0.12915
0.12404
0.1198
0.11629
0.11338
0.11099
0.10902
0.1074
0.10606
0.10497
0.10407
0.10333
0.10273
0.10223
