   2.5253031e+00
   3.0061111e+00
   3.5427488e+00
   4.1082063e+00
   4.6572181e+00
   5.1318558e+00
   5.4762285e+00
   5.6552446e+00
   5.6677253e+00
   5.5459246e+00
   5.3403956e+00
   5.0976619e+00
   4.8426275e+00
   4.5707845e+00
   4.2656562e+00
   3.9172128e+00
   3.5310191e+00
   3.1258742e+00
   2.7259252e+00
   2.3529096e+00
   2.0216793e+00
   1.7394543e+00
   1.5075245e+00
   1.3237117e+00
   1.1844623e+00
   1.0897211e+00
   1.0310527e+00
   1.0025161e+00
   9.9465065e-01
   9.9622204e-01
   9.9963237e-01
   1.0036009e+00
   1.0092815e+00
   1.0143700e+00
   1.0131455e+00
   1.0044850e+00
   9.9688312e-01
   1.0000000e+00
   1.0083961e+00
   1.0122817e+00
   1.0094433e+00
   1.0054532e+00
   1.0057248e+00
   1.0116913e+00
   1.0240857e+00
   1.0478395e+00
   1.0922890e+00
   1.1667585e+00
   1.2775433e+00
   1.4323352e+00
   1.6283571e+00
   1.8635656e+00
   2.1310214e+00
   2.4171006e+00
   2.7015594e+00
   2.9609530e+00
   3.1752778e+00
   3.3353087e+00
   3.4465849e+00
   3.5266138e+00
   3.5954353e+00
   3.6636950e+00
   3.7247895e+00
   3.7632959e+00
   3.7675834e+00
   3.7389181e+00
   3.6935151e+00
   3.6576770e+00
   3.6594931e+00
   3.7209597e+00
   3.8528793e+00
   4.0528746e+00
   4.3059460e+00
   4.5879109e+00
   4.8705201e+00
   5.1433677e+00
   5.4108775e+00
   5.6848784e+00
   5.9714335e+00
   6.2590957e+00
   6.5151821e+00
   6.6936309e+00
   6.7530445e+00
   6.6778309e+00
   6.4908620e+00
   6.2504853e+00
   6.0335010e+00
   5.8882880e+00
   5.8376135e+00
   5.8770650e+00
   5.9784144e+00
   6.0982280e+00
   6.1915485e+00
   6.2275463e+00
   6.2010869e+00
   6.1336401e+00
   6.0613681e+00
   6.0204341e+00
   6.0183341e+00
   6.0443245e+00
   6.0805781e+00
   6.1123419e+00
   6.1320866e+00
   6.1376165e+00
   6.1284559e+00
   6.1048506e+00
   6.0703608e+00
   6.0346048e+00
   6.0110129e+00
   6.0101418e+00
   6.0240430e+00
   6.0385241e+00
   6.0425886e+00
   6.0354805e+00
   6.0252973e+00
   6.0212630e+00
   6.0257524e+00
   6.0317259e+00
   6.0275266e+00
   6.0059089e+00
   5.9703486e+00
   5.9330756e+00
   5.9017272e+00
   5.8714154e+00
   5.8313079e+00
   5.7742266e+00
   5.7031408e+00
   5.6304236e+00
   5.5709724e+00
   5.5336502e+00
   5.5160478e+00
   5.5055128e+00
   5.4860624e+00
   5.4460098e+00
   5.3906688e+00
   5.3311849e+00
   5.2790077e+00
   5.2417227e+00
   5.2218023e+00
   5.2174017e+00
   5.2240744e+00
   5.2365302e+00
   5.2499701e+00
   5.2608732e+00
   5.2672924e+00
   5.2683941e+00
   5.2656245e+00
   5.2604516e+00
   5.2543735e+00
   5.2485667e+00
   5.2436541e+00
   5.2396072e+00
   5.2357789e+00
   5.2310532e+00
   5.2240825e+00
   5.2135757e+00
   5.1985906e+00
   5.1783689e+00
   5.1540302e+00
   5.1269409e+00
   5.0989614e+00
   5.0721613e+00
   5.0485017e+00
   5.0295360e+00
   5.0161796e+00
   5.0085839e+00
   5.0061341e+00
   5.0075701e+00
   5.0112105e+00
   5.0150930e+00
   5.0174949e+00
   5.0174045e+00
   5.0143667e+00
   5.0084266e+00
   4.9999692e+00
   4.9894844e+00
   4.9772973e+00
   4.9633064e+00
   4.9467698e+00
   4.9261736e+00
   4.8992082e+00
   4.8615041e+00
   4.8101780e+00
   4.7417919e+00
   4.6533968e+00
   4.5429063e+00
   4.4093836e+00
   4.2532036e+00
   4.0760663e+00
   3.8808648e+00
   3.6714283e+00
   3.4521811e+00
   3.2277666e+00
   3.0031013e+00
   2.7825469e+00
   2.5692591e+00
   2.3656586e+00
   2.1734518e+00
   1.9936987e+00
   1.8269075e+00
